4.54
1
7.20
4.49
1.58
1.52
1.07
1.98
1.39
1.77
3.47
6.58
6.88
1.36
1.81
1.24
5.15
5.84
1.22
1.88
1.27
1.93
4.32
2.85
1.63
3.75
2.13
3.03
2.73
2.41
1.07
6.09
2.29
7.40
1.37
1.34
3.34
1.20
1.35
1.28
3.01
14.76
1.52
1.10
1.34
4.53
4.01
5.03
3.79
3.74
1.60
2.94
5.62
1.40
1.91
2.36
3.17
1.63
3.27
6.14
2.10
14.95
14.69
31.94
6.94
1
5.32
1.72
21.86
1.45
1.03
1.30
1.09
2.39
6.09
2.29
1.37
13.83
1.96
21.27
1.04
2.60
4.10
4.27
4.04
7.35
9.98
2
8.42
1.60
2.42
3.75
21.55
1.07
7.40
1.34
3.32
7.34
3.27
1.15
1.67
3.83
1.31
2.56
1.86
3.21
1.34
3.18
1
27.27
2.16
6.51
5.62
1.40
1.91
3.22
1.55
1.41
4.08
4.17
1.44
27.90
1.07
17.01
1.29
8.20
1.16
2.73
2.79
1.07
1.07
1.30
1.09
2.39
1.42
4.18
1.52
11.08
2.30
1.97
1.18
1.02
2.97
1.06
1.11
1.03
1.93
2.99
4.76
1
248.62
21.72
3.79
6.28
5.77
3.81
3.04
1.36
1.29
1.01
1.07
5
1.60
2.04
1
3.81
1.12
1
5.15
1.24
1.96
2.86
1.61
8.05
10.52
3.50
1.11
3.85
1.74
4.70
2.38
1.52
2.53
76.37
3.91
1.43
3.73
1.73
13.21
4.57
2.48
17.52
3.43
2.29
1.58
1.20
4.44
2.16
1.80
1.62
4.30
4.39
1.25
26.27
16.24
4.07
1.13
2.52
6.93
4.12
1.04
1.47
2.22
1.27
2.38
1.26
2.88
1.22
1.25
1.42
1.37
1.02
4.68
1.04
1.32
13.09
13.09
1.91
1.28
1.63
2.82
8.37
1.13
16.38
1.50
8.14
1.73
10.29
1.42
109.50
1.35
1.29
9.54
1.77
2.60
1.50
1.22
1.16
1.37
1.37
3.43
1.06
12.72
1.79
1.52
5.29
1.06
1.05
6.09
3.86
2.42
2.15
1.02
2.33
1.82
3.78
1.43
1.43
2.34
2.13
2.48
3.94
5.35
1.65
2.19
1.28
3.35
2.34
2.13
2.01
1.03
8
1.67
3.16
11.18
3.07
1.21
3.75
10.25
1.30
1.39
2.96
2.32
1.69
2.26
6.94
1.05
1.17
2.14
2.29
1.42
1.33
11.44
1.08
1
1.72
1.79
1.54
1.12
1.57
3.89
1.37
1.65
1.29
1.03
1.84
1.85
2.41
38.67
2.06
1.45
2.75
1
1.38
3.22
2.68
3.03
1.05
1.65
22.57
8.10
2.35
1
1.62
3.29
7.40
1.19
1.08
2.04
1.03
5.58
2.58
1.44
1.77
1.95
5.65
3.99
6.73
4.90
1.10
1.36
2.14
19.01
1.38
3.07
2.10
9.92
3.68
3.27
1.41
1.08
260.96
1.08
4.19
1.35
1
4.93
6.54
1.48
4.45
5.12
451.90
1.08
2.12
8.17
1.98
3.02
3.18
4.99
1.17
1.21
2.46
1.49
1.26
1.53
2.36
3.75
1.79
1.14
3.32
1.26
1.36
1.16
1.41
1.01
2.48
2.18
1.58
3.03
1.51
2.78
1.01
1.33
1.01
1.87
1.69
2.21
2.84
1.01
5.09
2.18
1.05
882.61
3.22
1.06
1.20
11.06
1.50
1.27
1.21
2.89
1.78
2.07
1.71
1.40
3.33
6.24
5.96
1.23
1.63
3.54
1.03
1.03
1.15
1.39
5.94
1.20
3.74
1.01
5.92
1
2.11
3.07
3.89
2.68
2.36
3.82
1.31
1.74
3.80
4.16
1.22
1.87
1.44
1.22
25.68
37.57
1.36
9.11
2.70
7.18
1.45
2.60
1.97
1.44
1
1.40
4.69
1.14
1
1.23
4.13
5.15
2.82
1.95
1.17
2.08
7.06
1.71
11.92
1.21
1.33
3.70
1.57
4.31
1.90
2.57
11.42
2.96
4.56
1.01
9.75
1.09
7.31
1.67
1.72
1
1
2.44
2.83
1.11
1.05
2.08
2.59
1
1.49
3.43
2.56
1
1.16